44821
44716
45008
44661
45293
44905
44916
44759
45004
45012
45067
44829
44880
45084
44803
45131
45130
44928
45143
45050
44930
44769
44812
44916
45030
45407
45074
45161
44778
45416
45110
44763
44775
44859
44813
45068
45081
44796
44738
45010
45076
45070
45203
44791
45202
45040
44970
44790
45007
44864
44744
44983
44539
45057
44766
44767
45156
45169
44936
44891
44582
44758
45114
44767
44863
44878
44798
45135
45126
45076
44955
44816
44764
45066
44811
45308
45261
44709
44653
44980
44822
44857
44730
44932
44864
44822
45283
44888
44785
44847
44831
45303
44824
44752
44993
44955
44962
45092
44647
45201