709
849419883
3332549380
345167279
3445833392
53341047
7378729373
8931154811
6224534024
5379814494
2736609370
1847790079
7264123022
9089565691
4067903763
339734640
543169123
3202071826
3023597307
357715939
4438728468
5693822820
1908541324
5534742167
60038333
2540528213
5213864827
4522240457
2584
701408733
433494437
2540528213
279520705
174589466
8944710934
102189696
322137492
4241883698
1407466080
6361944205
7780008598
5979985436
2031638991
9460213845
4349825320
961675391
9181442104
8663350609
1665523777
5730924527
8784877625
3284841147
6607005491
8279496916
6843690549
7577148980
7218507583
4355173032
4999977885
7809703880
7323807784
8484807452
1851328998
8833473035
9208633138
6822971129
5825884071
7769510673
8977601481
63245986
6094201162
701408733
1635971070
9396934803
778658939
1505162169
1909601274
1026756760
6640787194
9005221300
6294010573
1189425756
1630737114
1367758655
1409127554
9476643437
7949641335
9223263060
7778742049
7728057316
6632308294
102189696
182715374
3490111044
2513100706
53341047
6391337721
1668243420
3082904966
233
997266639
5511855494
1397237810
5397694530
5071510410
3521467108
8341170321
9391859982
4805769125
8198058044
5921451753
4890592122
3251547231
8360580441
7774205784
8748932392
4076519486
703911134
4218811137
7649211181
1966360613
2698986806
5511855494
235762439
8689561431
7206961940
1340398023
161849762
101245820
8511523069
4492934379
6725700626
4269279443
8805340490
5708815164
4521063701
9205020319
3629352456
5508164696
3258327884
317811
7197462619
3584517891
6616545658
1005952283
4320068518
6772255680
8611830328
6027308745
287484772
2783897546
9099774910
3192229655
6049979271
514229
6632487602
1
8923414160
4241883698
6772255680
8792400471
514229
9197518132
6290624564
900580044
5432088687
3016021666
7007806610
5206503957
5225211954
849419883
7741660990
5213864827
8285674546
4593737704
8951300865
9292527736
5270600128
7938421318
390881871
5939726817
4380251751
5415819416
1161811287
7617265577
5637519254
6123848611
6180528150
8951300865
5441206925
2837656181
7900376214
5464980757
528188565
811903853
2100524498
3293564156
8405242122
1636256243
1260452249
2205930983
4642457023
3523372745
4848070130
6224534024
7029196251
9014904951
8663350609
8510497223
3685439604
4412745366
10946
700601764
2257670817
5921451753
4829215539
8946798166
1366069507
558719035
2976634340
6611921537
1239859991
8748932392
7712981907
4007185601
7547531578
3756644555
7378729373
2779497947
1809565946
1388455934
1522759171
2214079133
6806817586
7378729373
4846812672
9460213845
4438728468
495138259
3293564156
5234212167
3756644555
4494996836
3179943394
1024661906
1745818433
6290624564
8140744635
3673198815
457149573
2839789125
921609955
5853191676
6361944205
5329611613
1105642541
6742133061
2507258002
4494996836
4657239474
4124632590
5768788913
6606569630
3796614483
8654031366
7211805370
4355173032
357715939
5850527164
7778742049
3796614483
139152367
7211805370
7427639731
3879874869
4830659587
4380251751
2367719985
7264123022
1251663594
8451535602
7197462619
313992755
6120561629
2973629133
608660329
8977601481
3282695072
1407466080
4503380838
75025
4503380838
8667018205
2099962500
8348482228
2590156603
1965768329
3154093057
4375081648
7437129851
5534742167
6135280398
1106535955
2698986806
1536807337
7864266358
1665523777
8931154811
2109142778
2194407860
4657239474
3082904966
6563579382
1439696276
5113131111
7519733020
7064534963
9208633138
8469786824
4134880809
2583106452
3445833392
7691011633
1730241548
7029196251
7047702685
2282303326
1802904534
2993708143
1366069507
2919722575
2976634340
3649203945
89
3649203945
4657239474
6606569630
8805340490
4067903763
2919722575
5
8887869919
1043232376
4492934379
2667995244
4375081648
7316599307
490747343
4189071408
2606574471
6571862772
7690676253
8290068030
1857518387
596055977
2112581338
5322239976
725005675
8979551610
6594292475
1407466080
2287843517
5027928340
4997523275
7615166025
379532876
7456390935
3945105819
2919722575
1665523777
6606569630
2667995244
5410828678
1129749980
3284841147
3960298668
7778742049
1597
8792400471
2919722575
9292527736
2919722575
2507258002
1876622212
3203796657
196418
811903853
4440171046
3223245371
6289349417
4570037238
8833473035
9122656949
8234365743
8548189903
6027916581
6959783689
9461175867
3533467265
9396934803
9460213845
1338911881
8602012770
4134880809
7396000952
4535089578
9476643437
3822190089
8548189903
5853191676
103248727
3782028131
7165657735
6468761004
7691011633
7866085129
1142098359
7312352899
4580330788
1024661906
6571862772
3840329870
9168125941
53341047
6079154763
1407466080
8923401464
7728057316
18348427
1839766184
5243150503
2768575363
8484807452
3523372745
4492934379
4438728468
5774598660
3246019218
4593737704
3102448139
3412507663
4375906701
1915937151
1164300318
7263522155
2583106452
8540330756
6843690549
1744240073
6729121857
9464553502
6947153737
2178309
9460213845
7029405220
2328229256
2214079133
3727509251
233
8484807452
5708815164
8947212691
417174240
1865987690
6670780305
8923401464
4033690425
7874592282
7117942250
650547201
131630505
5207396870
8043571333
6349590868
5994699975
4103071037
161849762
6806151496
2973629133
4173656162
2779497947
4999977885
2109142778
532409704
7741660990
7874592282
1230672129
9374367706
6373574964
8249536872
8279496916
6780581879
313992755
4412745366
3796614483
8611830328
3194941700
7649211181
279520705
322750743
7716063308
5994699975
7547715633
1665523777
8926328242
315718739
2761129840
3855687788
8405242122
6806600026
3332549380
4341927165
5825884071
4380090519
5225211954
701408733
1409127554
4580330788
6779325619
4946561131
4965881492
5235731764
6779325619
5524750069
199799184
2649329716
6049979271
2976307483
3251547231
3948152849
4449882233
3855687788
1239859991
5507376230
4846812672
4067903763
575796912
4124632590
9093883314
1896232838
2339397217
6013163775
554885518
3173941872
7010162887
6729121857
4449882233
1042518393
3083838733
182715374
8374361834
849419883
2061159564
2449558508
4462689788
8469786824
2685472636
2963529066
3194941700
1896232838
2100524498
4700871944
5781549767
3899181948
3292692109
4349825320
3584517891
2449558508
3175881638
5071510410
7300806791
5902543163
1509204235
8430356460
1565401089
3805645487
7456390935
4033690425
2214079133
4965881492
6485931525
1
3833496567
8784877625
3805645487
9005933253
8124679675
3844682671
6398679240
3027364703
18348427
8267341461
1217669028
7211805370
5848979535
6294010573
5452521974
6123848611
6865726707
1372452038
4449882233
9392631201
987
6151909920
60038333
8784877625
6027916581
658943614
6434371104
1966360613
4620513351
7690676253
4068209539
2794864396
3154093057
4567959292
8267341461
3490111044
4380251751
3117961366
6862236147
2164325442
4082166996
451375451
8234365743
8097388134
5580860513
2434598620
3566207
5234212167
8145978616
7856241860
5982009152
565211093
3292692109
7629532671
1125690559
5379814494
650547201
131630505
4450302961
1239859991
3490111044
2194407860
1931790479
3685439604
3632424004
5213194356
4727916047
1372452038
1966360613
8152224674
6563579382
6013163775
1505162169
5452521974
5207396870
279520705
457149573
6558856820
7032949961
2109142778
4015242168
5774598660
2328642188
4071520251
2205930983
6606294343
3102448139
3312209571
7519733020
3173941872
5774598660
4700871944
8010812103
2031638991
6529216153
8198058044
9205020319
8548189903
457149573
1397237810
8931154811
2976307483
5225211954
8018863758
3855687788
6285582870
3279315774
8772202108
1217669028
3173423797
3727509251
6949317241
1111422566
4709229388
2282303326
2178309
13
84981860
8124679675
8452420462
7117942250
8947212691
345167279
8477926921
5329611613
3282695072
7836005813
3842241859
