9855
3672
311
867
10270
6352
12435
10760
13884
3043
220
260
8607
23170
2867
20457
15490
10804
10090
11135
14690
701
12586
9378
12839
21609
16479
8751
15700
20953
7035
22444
11601
9542
9724
3413
1482
6171
8999
13543
9234
6672
6690
5564
5270
13054
8534
12084
4996
4410
5613
7848
4103
8093
6783
250
21818
5494
5355
1126
27521
10265
9436
8630
3678
15661
11773
24786
6895
8162
3328
2513
6283
6612
2176
8935
10904
1682
7684
2021
11312
7042
6794
4214
11620
6975
5968
600
8443
12176
7599
2034
5786
12025
3309
23201
7944
9763
11993
16518
